pdb_code,Helix_Start,Helix_End,Kink_Position,Kink_Angle,sequence
5jszA,51,63,58,99.820,KLINGLLAPDDLD
5jszA,87,99,93,118.282,GIVFQNPDNQFVG
5jszA,147,159,155,10.865,GQKQRVAIAGILA
5jszA,65,77,69,126.410,SSITVDGVKLGAD
5jszA,162,174,167,46.034,PQVIILDESTSML
5jszB,51,63,59,135.729,QHFNALLKPTSGK
5jszB,87,99,94,104.815,VSLAFQFSEAQLF
5jszB,147,159,154,9.626,SGGQMRRVALAGV
5jszB,65,77,72,109.351,EIAGYTITPETGN
5jszB,162,174,167,86.784,YEPEIICLDEPAA
5jszC,51,63,57,133.279,LGYLFGPWWGFAG
5jszC,87,99,91,19.171,LTAALGPMIYGFF
5jszC,147,159,153,26.705,LKEMITPWIQMVA
5jszC,65,77,72,70.478,ALSDLVSSVIFGN
5jszD,51,63,56,98.042,GLAYVFATGLKAR
5jszD,87,99,92,153.643,MAGGKVYWHWWIF
5jszD,147,159,153,33.566,KLFKVNVGMISLV
5jszD,65,77,69,59.217,FWDGVKPMIWMIV
5jszD,162,174,166,25.438,IALRFVPTLFDQT
5jszE,51,63,59,101.846,KLINGLLAPDDLD
5jszE,87,99,92,121.357,GIVFQNPDNQFVG
5jszE,147,159,155,10.301,GQKQRVAIAGILA
5jszE,65,77,72,139.301,SSITVDGVKLGAD
5jszE,162,174,167,40.897,PQVIILDESTSML
5jszF,51,63,59,126.565,QHFNALLKPTSGK
5jszF,87,99,94,100.403,VSLAFQFSEAQLF
5jszF,147,159,151,5.204,SGGQMRRVALAGV
5jszF,65,77,72,119.284,EIAGYTITPETGN
5jszF,162,174,167,102.442,YEPEIICLDEPAA
5jszG,51,63,57,128.366,LGYLFGPWWGFAG
5jszG,87,99,91,14.197,LTAALGPMIYGFF
5jszG,147,159,153,20.538,LKEMITPWIQMVA
5jszG,65,77,72,70.297,ALSDLVSSVIFGN
5jszH,51,63,56,97.079,GLAYVFATGLKAR
5jszH,87,99,95,150.659,MAGGKVYWHWWIF
5jszH,147,159,153,55.483,KLFKVNVGMISLV
5jszH,65,77,69,55.727,FWDGVKPMIWMIV
5jszH,162,174,167,29.143,IALRFVPTLFDQT
